0 20 20
1 20 20
2 20 40
3 19 40
4 19 40
5 36 40
6 35 4
7 34 4
8 33 4
9 33 8
10 33 16
11 31 21
12 61 10
13 115 10
14 218 20
15 215 33
16 210 52
17 409 95
18 386 57
19 355 45
20 322 82
21 288 74
22 277 65
23 267 57
24 249 105
25 464 184
26 856 326
27 739 285
28 631 241
29 1036 430
30 834 389
31 1264 633
32 805 998
33 574 1103
34 233 581
35 70 433
36 33 139
37 32 3
38 19 2
39 35 2
40 33 2
41 61 2
42 58 0
43 94 0
44 84 0
45 156 0
46 266 0
47 437 0
48 682 0
49 490 0
50 648 0
51 881 0
52 991 0
53 654 0
54 430 0
55 579 0
56 764 0
57 456 0
58 515 0
59 364 0
60 349 0
61 290 0
62 90 0
63 37 0
64 45 0
65 40 0
66 34 0
67 52 0
68 47 0
69 84 0
70 76 0
71 67 0
72 126 0
73 236 0
74 215 0
75 380 0
76 336 0
77 544 0
78 489 0
79 734 0
80 1020 0
81 1307 0
82 820 0
83 871 0
84 597 0
85 682 0
86 532 0
87 654 0
88 856 0
89 1062 0
90 596 0
91 278 0
92 128 0
93 103 0
94 36 0
95 48 0
96 37 0
97 34 0
98 58 0
99 57 0
100 55 0
101 106 0
102 202 0
103 193 0
104 184 0
105 173 0
106 165 0
107 160 0
108 303 0
109 576 0
110 535 0
111 513 0
112 942 0
113 1619 0
114 1275 0
115 1836 0
116 1280 0
117 742 0
118 749 0
119 525 0
120 192 0
121 126 0
122 38 0
123 42 0
124 27 0
125 14 0
126 9 0
127 17 0
128 29 0
129 16 0
130 15 0
131 14 0
132 14 0
133 12 0
134 12 0
135 12 0
136 24 0
137 48 0
138 96 0
139 191 0
140 187 0
141 323 0
142 551 0
143 469 0
144 435 0
145 380 0
146 671 0
147 602 0
148 519 0
149 469 0
150 429 0
151 765 0
152 701 0
153 1176 0
154 961 0
155 799 0
156 1182 0
157 955 0
158 730 0
159 1164 0
160 1471 0
161 1261 0
162 346 0
163 62 0
164 49 0
165 28 0
166 43 0
167 77 0
168 69 0
169 57 0
170 94 0
171 144 0
172 135 0
173 115 0
174 98 0
175 96 0
176 164 0
177 141 0
178 253 0
179 224 0
180 208 0
181 191 0
182 178 0
183 168 0
184 161 0
185 151 0
186 142 0
187 260 0
188 240 0
189 229 0
190 440 0
191 803 0
192 725 0
193 1179 0
194 957 0
195 779 0
196 660 0
197 882 0
198 1126 0
199 661 0
